sites	bacia	trofia	alt	ph	temp	chla	condut	doc	ic	tc	tn	chloride	nitrite 	nitrate 	phosphate 	sulfate 	lithium 	sodium 	ammonium 	potassium 	magnesium 	calcium 	din	fc
GE65	grande	eutrofico	555	6.80	24.70	20.930	37.00	3.468	5.420	8.888	0.182	1.245	0.000	0.000	0.000	0.104	0.000	2.722	0.124	1.438	2.341	5.851	0.124	0.798
GE75	grande	eutrofico	594	6.40	24.34	9.770	470.00	5.376	3.962	9.338	0.342	1.986	0.000	0.000	0.000	0.388	0.022	1.763	0.223	1.828	1.559	3.055	0.223	2.031
GE104	grande	eutrofico	513	7.05	17.68	12.000	52.00	4.748	3.685	8.433	0.240	0.349	0.000	0.000	0.000	0.042	0.023	2.952	0.233	0.638	0.000	2.211	0.233	1.210
GE151	grande	eutrofico	404	8.79	27.48	29.222	70.00	10.000	3.435	13.440	0.223	0.920	0.000	0.000	0.000	0.092	0.012	6.598	0.215	4.135	0.986	1.900	0.215	3.149
GM38	grande	mesotrofico	571	6.01	25.62	7.530	73.00	2.769	4.004	6.772	0.206	0.347	0.000	0.018	0.000	0.034	0.000	1.307	0.160	1.190	1.654	3.484	0.177	0.799
GM94	grande	mesotrofico	673	8.65	21.03	4.460	80.00	2.726	2.613	5.339	0.045	0.082	0.000	0.047	0.756	0.084	0.021	2.650	0.261	0.514	0.212	0.942	0.308	0.378
GM157	grande	mesotrofico	356	7.02	24.07	4.350	242.00	4.555	4.203	8.758	0.249	5.611	0.000	0.000	0.000	0.000	0.012	5.637	0.239	2.986	4.076	11.164	0.239	2.900
GM161	grande	mesotrofico	890	6.71	25.70	5.024	21.90	5.273	4.775	10.050	0.546	2.474	0.000	0.851	0.000	1.185	0.000	6.319	0.184	1.095	1.520	5.512	1.035	1.443
GO147	grande	oligotrofico	435	5.47	26.53	3.649	108.00	11.980	1.236	13.210	2.629	7.391	0.093	0.902	0.000	3.655	0.000	2.941	2.741	6.620	0.172	0.585	3.736	5.377
GO185	grande	oligotrofico	476	6.55	30.60	1.082	65.00	7.980	3.653	11.630	0.524	1.100	0.000	0.077	0.000	0.059	0.000	2.032	0.178	3.338	1.487	2.730	0.255	2.436
PE134	paranapanema	eutrofico	973	9.10	26.29	13.250	50.00	8.103	9.591	17.690	0.646	1.980	0.000	0.000	0.000	0.377	0.021	4.276	0.310	3.301	0.000	6.823	0.310	1.318
PE222	paranapanema	eutrofico	395	10.10	23.40	105.193	53.50	26.320	3.201	29.530	1.620	3.499	0.145	0.000	0.000	0.156	0.000	2.651	0.248	9.262	0.481	1.343	0.393	3.511
PE224	paranapanema	eutrofico	405	6.90	19.55	9.341	130.00	5.709	13.280	18.990	0.329	10.183	0.000	0.000	0.000	0.315	0.024	19.112	0.585	4.748	3.073	7.801	0.585	2.034
PE240	paranapanema	eutrofico	390	8.00	20.16	13.899	61.00	7.050	4.695	11.740	0.514	2.317	0.000	0.252	0.000	0.290	0.011	2.901	0.273	4.714	1.464	2.074	0.525	2.108
PM125	paranapanema	mesotrofico	624	6.80	21.69	5.930	125.00	3.262	3.631	6.892	0.175	0.546	0.000	0.431	0.000	0.000	0.068	1.591	0.242	1.045	0.000	2.597	0.673	0.684
PM130	paranapanema	mesotrofico	648	6.80	23.88	4.530	64.00	7.454	3.687	11.140	0.306	0.602	0.000	0.020	0.000	0.000	0.000	0.960	0.300	0.874	0.000	2.795	0.320	0.868
PM226	paranapanema	mesotrofico	461	7.00	21.66	4.630	57.00	6.218	6.052	12.270	0.564	2.008	0.000	0.155	0.000	0.141	0.057	2.810	0.330	3.163	2.493	5.069	0.485	1.550
PO136	paranapanema	oligotrofico	707	7.40	21.56	4.190	31.00	11.290	9.413	20.700	0.929	3.825	0.029	0.563	0.000	0.000	0.023	6.982	0.448	1.475	0.000	7.380	1.040	1.427
PO242	paranapanema	oligotrofico	322	6.50	20.94	0.628	38.00	2.901	2.286	5.187	1.320	1.464	0.000	4.775	0.159	0.284	0.022	1.957	0.261	2.349	1.140	0.751	5.036	0.796
PO247	paranapanema	oligotrofico	375	6.30	21.78	0.736	72.00	19.050	2.172	21.220	3.174	0.703	0.000	0.160	0.000	0.090	0.022	1.983	0.284	0.734	0.149	0.349	0.444	2.457
PO250	paranapanema	oligotrofico	333	7.40	19.79	1.033	62.00	3.967	7.216	11.180	0.626	1.916	0.000	1.552	0.000	1.610	0.000	4.097	0.000	1.091	2.110	5.213	1.552	1.499
SE172	serra_do_mar	eutrofico	533	5.59	26.12	93.577	19.00	14.730	4.877	19.610	1.090	1.409	0.000	0.032	0.000	0.325	0.000	4.959	0.318	2.226	1.799	4.473	0.350	6.317
SE294	serra_do_mar	eutrofico	582	6.89	18.71	20.025	42.00	14.750	7.123	21.880	0.917	3.730	0.000	0.000	0.013	0.254	0.001	8.930	0.013	5.822	0.000	4.246	0.013	3.170
SM177	serra_do_mar	mesotrofico	545	8.10	31.41	5.582	101.00	8.035	2.463	10.500	0.922	0.865	0.000	0.000	0.000	0.193	0.000	4.127	0.209	1.314	0.597	1.844	0.209	1.636
SM292	serra_do_mar	mesotrofico	78	6.90	21.32	5.482	99.00	3.443	11.560	15.000	0.347	1.988	0.000	0.012	0.019	0.982	0.003	4.318	0.000	2.153	0.000	5.507	0.012	1.385
SM300	serra_do_mar	mesotrofico	587	8.15	27.98	6.821	265.00	7.427	10.240	17.670	0.924	5.308	0.013	0.442	0.005	3.857	0.000	7.771	0.006	5.543	0.000	12.537	0.460	1.849
SO169	serra_do_mar	oligotrofico	1121	6.04	19.66	0.092	21.00	3.620	1.445	5.065	0.233	0.733	0.000	0.287	0.000	0.395	0.013	3.138	0.314	0.825	0.478	1.187	0.601	1.204
SO176	serra_do_mar	oligotrofico	828	6.75	28.02	1.800	42.00	6.588	1.678	8.266	0.432	0.709	0.000	0.035	0.000	0.415	0.000	3.201	0.031	0.352	0.440	0.716	0.065	1.447
TE57	tiete	eutrofico	679	5.94	27.14	17.440	101.00	6.582	7.370	13.950	0.522	1.729	0.000	0.036	0.000	0.222	0.000	3.162	0.309	2.984	1.876	6.334	0.345	1.910
TE191	tiete	eutrofico	454	7.04	28.94	17.807	40.00	8.900	3.766	12.670	0.726	6.628	0.000	0.000	0.000	0.470	0.062	4.290	0.277	5.315	1.482	4.513	0.277	2.094
TE206	tiete	eutrofico	463	8.50	29.20	86.437	32.00	16.660	1.216	17.870	1.238	2.336	0.000	0.021	0.000	0.097	0.000	2.541	0.238	6.479	0.222	0.607	0.260	5.093
TM115	tiete	mesotrofico	571	6.90	19.22	8.840	6.60	2.036	5.156	7.192	0.269	1.621	0.421	0.496	0.000	0.603	0.021	3.701	0.373	0.994	0.000	3.651	1.290	0.960
TM117	tiete	mesotrofico	543	7.10	18.77	4.460	1.60	10.170	3.297	13.470	0.423	1.478	0.000	0.000	0.000	0.048	0.000	2.165	0.249	2.574	0.872	1.189	0.249	2.669
TM122	tiete	mesotrofico	532	7.10	21.19	4.880	7.50	13.910	11.030	24.940	1.148	28.039	0.000	0.060	0.000	0.603	0.017	7.405	0.324	16.957	4.421	12.567	0.384	3.178
TO203	tiete	oligotrofico	422	6.74	29.90	1.144	26.70	6.387	3.819	10.210	0.509	1.967	0.000	0.033	0.000	0.057	0.018	4.197	0.212	3.430	1.236	2.391	0.245	1.206
